structure(list(base = -3.52321694917035, rel = structure(list(
    mean = structure(c(-0.299106977798294, -0.195842990509512, 
    -0.350730183974483, -0.149457068364398, -0.0971997215603268, 
    -0.289846845091049), .Names = c("d.t1.t2", "d.t1.t3", "d.t1.t4", 
    "d.t1.t5", "d.t1.t6", "d.t1.t7")), cov = structure(c(0.00579732534656645, 
    -0.00127224542478479, 0.000144453476115795, 0.000443179597223699, 
    0.000216522838470463, 0.00163274714611306, -0.00127224542478479, 
    0.294493226517698, -0.00154297469037198, -0.000146852734967359, 
    0.000531926464098424, 0.00121245884163147, 0.000144453476115795, 
    -0.00154297469037198, 0.0869912241473311, 5.60647396690177e-05, 
    0.00120994168044265, 0.000452725767596424, 0.000443179597223699, 
    -0.000146852734967359, 5.60647396690177e-05, 0.00412194771754844, 
    0.000181052977056337, 0.000180109071893707, 0.000216522838470463, 
    0.000531926464098424, 0.00120994168044265, 0.000181052977056337, 
    0.0127494990173402, 0.000281931938287843, 0.00163274714611306, 
    0.00121245884163147, 0.000452725767596424, 0.000180109071893707, 
    0.000281931938287843, 0.00809827673824923), .Dim = c(6L, 
    6L), .Dimnames = list(c("d.t1.t2", "d.t1.t3", "d.t1.t4", 
    "d.t1.t5", "d.t1.t6", "d.t1.t7"), c("d.t1.t2", "d.t1.t3", 
    "d.t1.t4", "d.t1.t5", "d.t1.t6", "d.t1.t7")))), .Names = c("mean", 
"cov"))), .Names = c("base", "rel"))
