structure(list(base = -2.49924470572633, rel = structure(list(
    mean = structure(c(-0.197206110978429, -0.403086950033597, 
    0.00615077424875936, -0.152548089829557, -0.0685445346238553, 
    -0.213781405260681), .Names = c("d.t1.t2", "d.t1.t3", "d.t1.t4", 
    "d.t1.t5", "d.t1.t6", "d.t1.t7")), cov = structure(c(0.00537049193990874, 
    0.000203769877010712, 0.000179826092050807, 0.000293422270791889, 
    0.000478906453530206, 0.0017445023580635, 0.000203769877010712, 
    0.042007189681043, 0.000709140704433876, 3.94768132668799e-05, 
    -0.000106715399854572, 0.000403078395751304, 0.000179826092050807, 
    0.000709140704433876, 0.0284392779835577, 0.00012230376688493, 
    -0.00033560645574915, 0.000145014198625408, 0.000293422270791889, 
    3.94768132668799e-05, 0.00012230376688493, 0.00371741146953204, 
    0.000106481623618292, 8.38113192442021e-05, 0.000478906453530206, 
    -0.000106715399854572, -0.00033560645574915, 0.000106481623618292, 
    0.00772688474667218, 0.00021945227301142, 0.0017445023580635, 
    0.000403078395751304, 0.000145014198625408, 8.38113192442021e-05, 
    0.00021945227301142, 0.00760655252672025), .Dim = c(6L, 6L
    ), .Dimnames = list(c("d.t1.t2", "d.t1.t3", "d.t1.t4", "d.t1.t5", 
    "d.t1.t6", "d.t1.t7"), c("d.t1.t2", "d.t1.t3", "d.t1.t4", 
    "d.t1.t5", "d.t1.t6", "d.t1.t7")))), .Names = c("mean", "cov"
))), .Names = c("base", "rel"))
