structure(list(base = -3.7647626128717, rel = structure(list(
    mean = structure(c(0.134854148454583, 0.153246776689555, 
    0.259068229579415, 0.109921651250831, 0.278180286969096, 
    -0.0951643500737548), .Names = c("d.t1.t2", "d.t1.t3", "d.t1.t4", 
    "d.t1.t5", "d.t1.t6", "d.t1.t7")), cov = structure(c(0.0240821018451436, 
    0.0108729097046075, 0.0111158162214674, 0.0154106380736202, 
    0.0201422531198576, 0.0204197882922688, 0.0108729097046075, 
    0.115776086157533, 0.0147124599855427, 0.0100707992301967, 
    0.00897202949509204, 0.0148941795081271, 0.0111158162214674, 
    0.0147124599855427, 0.0708824635911071, 0.0101837099308851, 
    0.00981128123595917, 0.0129088774643896, 0.0154106380736202, 
    0.0100707992301967, 0.0101837099308851, 0.0387292851375902, 
    0.0152943857177847, 0.016723825799541, 0.0201422531198576, 
    0.00897202949509204, 0.00981128123595917, 0.0152943857177847, 
    0.0307931473598611, 0.0191595708642966, 0.0204197882922688, 
    0.0148941795081271, 0.0129088774643896, 0.016723825799541, 
    0.0191595708642966, 0.0524402100503644), .Dim = c(6L, 6L), .Dimnames = list(
        c("d.t1.t2", "d.t1.t3", "d.t1.t4", "d.t1.t5", "d.t1.t6", 
        "d.t1.t7"), c("d.t1.t2", "d.t1.t3", "d.t1.t4", "d.t1.t5", 
        "d.t1.t6", "d.t1.t7")))), .Names = c("mean", "cov"))), .Names = c("base", 
"rel"))
