structure(list(base = -4.39250304177143, rel = structure(list(
    mean = structure(c(0.963572366390854, 1.92019413823017, 0.70899079957631, 
    0.00618488088122372, 0.547322310835426, 0.140462166676884
    ), .Names = c("d.t1.t2", "d.t1.t3", "d.t1.t4", "d.t1.t5", 
    "d.t1.t6", "d.t1.t7")), cov = structure(c(0.0490936071446704, 
    0.00518397106257065, 0.0063004627148392, 0.0145299188252793, 
    0.0290860653411175, 0.0280822411305576, 0.00518397106257065, 
    0.368751722491079, 0.00756135785142483, 0.000362579329477733, 
    0.0040811050428772, 0.00537849694119598, 0.0063004627148392, 
    0.00756135785142483, 0.157792840735367, 0.00752290431319436, 
    0.00353096522371595, 0.0031978414723416, 0.0145299188252793, 
    0.000362579329477733, 0.00752290431319436, 0.058113609141458, 
    0.00940024199364591, 0.00894076204082171, 0.0290860653411175, 
    0.0040811050428772, 0.00353096522371595, 0.00940024199364591, 
    0.0645789024440969, 0.0218874458317535, 0.0280822411305576, 
    0.00537849694119598, 0.0031978414723416, 0.00894076204082171, 
    0.0218874458317535, 0.0790407837253458), .Dim = c(6L, 6L), .Dimnames = list(
        c("d.t1.t2", "d.t1.t3", "d.t1.t4", "d.t1.t5", "d.t1.t6", 
        "d.t1.t7"), c("d.t1.t2", "d.t1.t3", "d.t1.t4", "d.t1.t5", 
        "d.t1.t6", "d.t1.t7")))), .Names = c("mean", "cov"))), .Names = c("base", 
"rel"))
