structure(list(base = -4.96490725670536, rel = structure(list(
    mean = structure(c(0.303243231590801, -2.57160755354816, 
    0.155551500647769, 0.231992844215608, 0.403622216396747, 
    0.124522974703863), .Names = c("d.t1.t2", "d.t1.t3", "d.t1.t4", 
    "d.t1.t5", "d.t1.t6", "d.t1.t7")), cov = structure(c(0.114842067165977, 
    -0.00724896404302041, -0.00228293763455252, 0.0292090245257952, 
    0.0676953372082851, 0.0583925960256212, -0.00724896404302041, 
    1.92008823757038, -0.0093009719424385, -0.00543885131052261, 
    -0.0067054542169565, 0.00183679980271599, -0.00228293763455252, 
    -0.0093009719424385, 0.261562999328877, 0.00149481716371953, 
    0.00154627225714593, -0.0135274704709397, 0.0292090245257952, 
    -0.00543885131052261, 0.00149481716371953, 0.0892368084014718, 
    0.01923377273094, 0.0184813600752006, 0.0676953372082851, 
    -0.0067054542169565, 0.00154627225714593, 0.01923377273094, 
    0.11678286719053, 0.0412753382093615, 0.0583925960256212, 
    0.00183679980271599, -0.0135274704709397, 0.0184813600752006, 
    0.0412753382093615, 0.157888860097869), .Dim = c(6L, 6L), .Dimnames = list(
        c("d.t1.t2", "d.t1.t3", "d.t1.t4", "d.t1.t5", "d.t1.t6", 
        "d.t1.t7"), c("d.t1.t2", "d.t1.t3", "d.t1.t4", "d.t1.t5", 
        "d.t1.t6", "d.t1.t7")))), .Names = c("mean", "cov"))), .Names = c("base", 
"rel"))
