structure(list(base = -2.56916338127381, rel = structure(list(
    mean = structure(c(-0.491225154832497, -0.603539032585346, 
    -0.300267383165281, -0.323045402574373, -0.206769857940749, 
    -0.310043809087864), .Names = c("d.t1.t2", "d.t1.t3", "d.t1.t4", 
    "d.t1.t5", "d.t1.t6", "d.t1.t7")), cov = structure(c(0.00618569585737965, 
    2.18407540303367e-05, -0.000155015240913586, 0.000186740395575981, 
    0.000290145109616214, 0.00181197833918083, 2.18407540303367e-05, 
    0.0492476257472008, -0.00140284181875442, 0.00114536795748108, 
    0.0015700332025923, -0.00154517071770108, -0.000155015240913586, 
    -0.00140284181875442, 0.0198476895561876, -0.000948267700479398, 
    -0.000905492584620626, 0.00126858375067538, 0.000186740395575981, 
    0.00114536795748108, -0.000948267700479398, 0.00505404050306266, 
    0.00111033260060041, -0.00118007565710028, 0.000290145109616214, 
    0.0015700332025923, -0.000905492584620626, 0.00111033260060041, 
    0.0142827918912981, -0.00120253438615849, 0.00181197833918083, 
    -0.00154517071770108, 0.00126858375067538, -0.00118007565710028, 
    -0.00120253438615849, 0.00958205145706819), .Dim = c(6L, 
    6L), .Dimnames = list(c("d.t1.t2", "d.t1.t3", "d.t1.t4", 
    "d.t1.t5", "d.t1.t6", "d.t1.t7"), c("d.t1.t2", "d.t1.t3", 
    "d.t1.t4", "d.t1.t5", "d.t1.t6", "d.t1.t7")))), .Names = c("mean", 
"cov"))), .Names = c("base", "rel"))
