structure(list(base = -2.6484529227164, rel = structure(list(
    mean = structure(c(0.160375721686724, 0.203921961587854, 
    -0.0608669843147126, -0.216518869973078, 0.150693446872748, 
    -0.119819705442106), .Names = c("d.t1.t2", "d.t1.t3", "d.t1.t4", 
    "d.t1.t5", "d.t1.t6", "d.t1.t7")), cov = structure(c(0.013343215898997, 
    0.00324989574023827, 0.00430547795293348, 0.00493265120462235, 
    0.00974824876138092, 0.00908654449046263, 0.00324989574023827, 
    0.0383871319927362, 0.00879321844475224, 0.002720403942012, 
    0.00267695803627164, 0.00379920396811468, 0.00430547795293348, 
    0.00879321844475224, 0.0373300341601105, 0.0044338252376526, 
    0.00358004055475033, 0.00459668145953099, 0.00493265120462235, 
    0.002720403942012, 0.0044338252376526, 0.016270182991651, 
    0.0045288015736628, 0.00510944776116525, 0.00974824876138092, 
    0.00267695803627164, 0.00358004055475033, 0.0045288015736628, 
    0.0176336684455599, 0.00874534553171485, 0.00908654449046263, 
    0.00379920396811468, 0.00459668145953099, 0.00510944776116525, 
    0.00874534553171485, 0.0195061576365205), .Dim = c(6L, 6L
    ), .Dimnames = list(c("d.t1.t2", "d.t1.t3", "d.t1.t4", "d.t1.t5", 
    "d.t1.t6", "d.t1.t7"), c("d.t1.t2", "d.t1.t3", "d.t1.t4", 
    "d.t1.t5", "d.t1.t6", "d.t1.t7")))), .Names = c("mean", "cov"
))), .Names = c("base", "rel"))
